barcode,count,fraction_all_valid_and_invalid_counts
AAAAAATTTATGACAA,156305,0.126
CAATTAGAAATACATA,155296,0.126
GTACAAACCTGCAAAT,132754,0.107
TACCCTGCAAGCCACT,126604,0.102
AACCACCGAGTGACCG,114777,0.0928
TTATCTGTAGAGCGCT,98110,0.0793
CATACAGAGTTTGTTG,68803,0.0556
AACGACAAACAGTAAG,64949,0.0525
CTTTAAATTATAGTCT,49618,0.0401
GAATAATAGAACAGAG,6410,0.00518
CCAAAGCACTGTACTA,5220,0.00422
GAGCCTGGCTGTAACC,4221,0.00341
TAGAGCTGTTGACAAA,3809,0.00308
TGATCTTAGGTTAGCT,2531,0.00205
AATCATACATGCTTCT,2166,0.00175
CACCGGACTAGAAAAT,2125,0.00172
AAGAAGCTATAGAAGT,2090,0.00169
ACGTGAGCACAGAGGC,1788,0.00145
GCGCGGATAGATGAAC,1732,0.0014
GATCGGAATAACCGTA,1729,0.0014
TGGAATCGTCACCGAT,1693,0.00137
TCCTATTTTGCAAGTG,1615,0.00131
TCGCTGGCTGCTGGGT,1509,0.00122
AATTGGGACTCTGCGA,1477,0.00119
ACTCTCATGAGCGGCC,1411,0.00114
CTTGGATTTGTTTGGC,1320,0.00107
CATTTCTGATGAATTG,1292,0.00104
GAGACGACCAAGTCCA,1269,0.00103
CCTTGGGTATACTCAT,1260,0.00102
AACTCTAAGTAGTGTC,1178,0.000953
TCGCACGCGTTCATCA,1126,0.000911
GCTGCTAATGCGCACG,1071,0.000866
ATAGAATCGCAAATTA,1039,0.00084
GATAACAACTTCACCT,983,0.000795
CTCTAGTTCGGGGCCA,959,0.000776
TACGGCATGGCCTCCT,950,0.000768
AAATAAGCTGTCGCGA,941,0.000761
TCTTAGAGTAGTATAG,838,0.000678
CCCGCTCTTTGTCCAC,837,0.000677
AGTTACCTGCAAATAC,833,0.000674
ACCCGTCGGGTTGCAT,780,0.000631
TGACGATGCTCCCATT,766,0.00062
AGCCGATTCATGACAT,740,0.000598
TAAGCTTACATTTCCT,720,0.000582
GCCGGCGTAAATACCC,678,0.000548
GTCGACTTATGCGCCG,674,0.000545
TGCGGTGACTTACAAG,624,0.000505
GTCGCTCCAGGCGGTT,593,0.00048
CGGTCTAGTCTGGTGT,560,0.000453
GCGGACAGCGGTTATC,559,0.000452
AGCCAGTCAAAGTCTC,509,0.000412
TGATTCCTTTGCGCAA,465,0.000376
CTCTCGCCTACTCATA,450,0.000364
AGGCCGCCGGTCATGA,446,0.000361
TCCACACCCCTAGCTA,394,0.000319
ATCGCAAGTACCAGTT,389,0.000315
GCGCTTGCTCTTAAGT,383,0.00031
AGTAAACATGCATTGG,370,0.000299
CATGATTAGCCGTTAT,369,0.000298
AGACGGGGATTTTCAA,361,0.000292
ACCTCAGTGAGAGCTA,348,0.000281
GAGGTCGCGCTTGATA,345,0.000279
TATTGGTGGGGTAAAC,345,0.000279
GCCTATCCGAGTGTCC,316,0.000256
ACCAGGTGGCAGTACA,310,0.000251
GCTGCGACGGCTCACG,298,0.000241
ATTTCCCCAAAACACT,295,0.000239
CCAACGCTTCATGTTT,286,0.000231
CATGTTAAATTTGACA,280,0.000226
AGCATGTTTCTTATGC,269,0.000218
AACTCCAATTTGTTTT,264,0.000214
GATTAAACGGTGACGC,263,0.000213
GTAGATACTAGGACCA,263,0.000213
CATAAAAGACTGTATA,252,0.000204
GAGGTACCACGTCATT,252,0.000204
AGAAGATCGGATGTTT,249,0.000201
CGGTAATCTCAGGACC,233,0.000188
CGCATAACACCATCAA,232,0.000188
TATCAAGTGTCCCGGG,221,0.000179
GAAGTGCTGCTGAAGT,220,0.000178
TCATCTGATCGGTCCG,218,0.000176
ATAGGCACTCGGTGCG,217,0.000176
TCGGCGTGAGCATGGC,208,0.000168
GCAGGTAGACTATCGG,201,0.000163
TCGGAGAGCGATCCGC,201,0.000163
GAATCATTTAAGGTTG,198,0.00016
AGACCATCGCACCCAA,197,0.000159
TAGGGAAACGAAAAGC,195,0.000158
ATTTTGGTACCTACAA,194,0.000157
CGGATATTGAGGAAGA,194,0.000157
GTATGAATCGCCACCA,192,0.000155
GTGTCGTGTTAAAGGC,186,0.00015
TAAACCTCTACTGATA,180,0.000146
GCATGTAGGTATGATG,178,0.000144
AGCGTCGGCACCATAT,169,0.000137
GCGAAGTTTCATAGCG,149,0.000121
ACTTTTTGTAACTCCA,145,0.000117
ACGTCCATTAAGATCA,142,0.000115
TGAGCCAATTAAGTAG,142,0.000115
CGATCTTTACGAAAAA,141,0.000114
AGCCACATTCGGTGAT,125,0.000101
CCCTGAGGTATCATTG,123,9.95e-05
GAGCAACAACTGGACG,122,9.87e-05
TACTCCTGCGGCAACG,120,9.71e-05
ATGCGGCCTAAGCCTC,119,9.62e-05
TCTATATAGATCCTTA,119,9.62e-05
AGGGCGGGATATTGGG,116,9.38e-05
CGGAAACCTAGCGTTC,115,9.3e-05
GAGTACTCTGCGTTTT,113,9.14e-05
AGAGCTAAAAAGAGGA,111,8.98e-05
CTACTCTTAGGCCGGG,103,8.33e-05
TTGGTCTTAATAGACA,102,8.25e-05
TTAATGTTGGGTATCC,99,8.01e-05
GCAGTGCGCACCCCGA,96,7.76e-05
TTGGAGAATCCGTCTA,94,7.6e-05
GTCAGAACCACTTGCG,93,7.52e-05
TCTTTCCGAGACGATT,93,7.52e-05
ATAGGTAGGTTAATGC,91,7.36e-05
GTCGTACGATTTAGGA,85,6.87e-05
GCTAACGGGCATCTAC,80,6.47e-05
TGCCGATCTCAGGGGG,77,6.23e-05
ATATTAACGATGTGAA,67,5.42e-05
CTGAACTTGTCGATAT,65,5.26e-05
TGCACTTGACCGGGAA,64,5.18e-05
CCACTTCACTGAAATC,60,4.85e-05
ATGATATGCTTACGCA,58,4.69e-05
ATTGCAACGCCGGTGT,56,4.53e-05
GCTGATAAACAATCTA,54,4.37e-05
GTCCTAGTGCATAGGA,53,4.29e-05
CAACGGAACGATATTG,52,4.21e-05
GTAGAACTGCGGCCCC,45,3.64e-05
AGTGTAGGAGCAGCCC,44,3.56e-05
TAGCATATCGGTTGAT,43,3.48e-05
AGGAAAGAAACTGGAG,41,3.32e-05
GTGTTGTTAATAATCG,35,2.83e-05
TAGCCAGCGGCCGTTA,34,2.75e-05
AAGACTCTGTGAGTAA,33,2.67e-05
GTTCTGTACACAGCAT,32,2.59e-05
CAGGCTGCTGGGCCGC,19,1.54e-05
CGTACGTATGTCCCAG,18,1.46e-05
TGATTTTGCCGAGAGA,15,1.21e-05
TACCCTTAGTGGAGAT,14,1.13e-05
GATCGGAGGATGGCTC,8,6.47e-06
AAGCCCAGCGGGTGAT,1,8.09e-07
AATGTAATATCCCAGT,1,8.09e-07
AGAGATGGTCCGTGCC,1,8.09e-07
ATACAAACGGGGAGGA,1,8.09e-07
ATACATATTTTGCCTT,1,8.09e-07
ATGCAGGTCTAAGCAT,1,8.09e-07
CTGTTTTAACACACCA,1,8.09e-07
TATGCCTAACCGAAGA,1,8.09e-07
AAAAGGGCTTTGCGCG,0,0
AAACGGCGCAGGCACA,0,0
AAAGCTCTTTTCGTTC,0,0
AAAGGAAGCCCCTCAC,0,0
AAAGGCGCGCCTTCAA,0,0
AACGAGTGAGAATGCT,0,0
AAGGACAAGCAGCAGG,0,0
AAGGAGAGCACGGAGG,0,0
AAGTTAAGAGAAAGTT,0,0
AATCCGAAATTTATTC,0,0
ACAACCAAGTCTAAGC,0,0
ACAAGCTTTGTGTTAT,0,0
ACCACAATAAGTCTCG,0,0
ACCTCTTCCAGTCGGT,0,0
ACGCCGCCGCCTACAT,0,0
ACGGCATCCCAATTGA,0,0
ACGGGGAATGCGAGAG,0,0
ACGTCTTCATTTTCCC,0,0
ACGTTTGCAAGATGCG,0,0
ACTCGCATGTCTGTAG,0,0
ACTTCACAGGTTGATA,0,0
AGAAAAGATAGGAAAG,0,0
AGAACGTGCCTTTGCG,0,0
AGACCTTGTTGGTACA,0,0
AGCCCATACCCGGGTG,0,0
AGGCGAAAGGGAGGGA,0,0
AGTCCTATCCTCAAAT,0,0
AGTTTCGAATCAAACT,0,0
AGTTTTTATAACTTGC,0,0
ATGAACCCGGACCACC,0,0
ATGCAGTGCTTCAACT,0,0
ATGTACACCCGCTCTA,0,0
ATTACACTGGAAGGTT,0,0
ATTCGTGAACACGAGA,0,0
CAAGTGGGCTCTACAT,0,0
CACGGCCGGCGAACTC,0,0
CACGGGCTAATGTCTC,0,0
CAGAAGCAAAAGATAG,0,0
CAGCGACGTAGGACAC,0,0
CAGGAGACTTCGCTCC,0,0
CAGGCGTTCTACCCAC,0,0
CAGGTGAAGGAACACC,0,0
CAGTAGTTGTCATGGG,0,0
CATGTGGAGGGTCGAG,0,0
CATTGTAATGAAGCCT,0,0
CCAGCTTAGACTTCGC,0,0
CCAGTAAATGCAAACC,0,0
CCATCTGTGGCCTCGA,0,0
CCCAAACTGAGGTCCA,0,0
CCCGATACGTACAAAA,0,0
CCCTGGTATACTCGGC,0,0
CCGACACAACTACTGG,0,0
CCGCAGGTTTACAGCA,0,0
CCGGATATGGCTGGTC,0,0
CCGGGGGTGAAGTTCC,0,0
CCTAATAATCCCAACA,0,0
CCTACAATGCGCTTTG,0,0
CCTACGCTCGTATCCC,0,0
CCTCGGATAACGGGAC,0,0
CCTCTGTGTACTAATT,0,0
CCTGTAGGCATCACGG,0,0
CGACAGAGTTCGTGGA,0,0
CGAGCATTAAGAGGTA,0,0
CGATGATGTAAACATG,0,0
CGCGACACCCTTCCGG,0,0
CGCGACAGTTTCCATT,0,0
CGGCGGATAAGCCCTT,0,0
CGGCGTTGCCAAAGAA,0,0
CGGGAGCTCCGATATA,0,0
CGGGATTGGTGAAGTG,0,0
CGGGTCCTAGGCGAGG,0,0
CGGGTTCGGTTTTGAC,0,0
CGTACTTGTTCTCTCA,0,0
CGTCGCCTCATCACGT,0,0
CTAAAATCTTGACCAA,0,0
CTATCATGGGCGCCCA,0,0
CTCCGTAGCATCACAG,0,0
CTGAGTTCGTGAGCTG,0,0
CTTACAGAATACTAGA,0,0
CTTAGGTATTATATGC,0,0
GAACTGCTAACCTTCA,0,0
GAAGAAACTATAACCA,0,0
GAAGTAGTAGATCATA,0,0
GAATCTCCCTATTCAT,0,0
GAATTCAATCTTTAAA,0,0
GACCAGGCCGTCAGTA,0,0
GACCGAAGCCTTATGG,0,0
GACGTACATTAAAAAT,0,0
GAGCGACACTCGATCT,0,0
GATAACTCTGAGCACG,0,0
GATCGGGTGGTATGCT,0,0
GCAATTCATGGACTTG,0,0
GCATGAGGGTATACCC,0,0
GCCAATAAGCTCACAC,0,0
GCCGGCGTTAGTGTCA,0,0
GCCTCAGCAGGACCCC,0,0
GCCTTCCTTGCAACTA,0,0
GCGACCGCATACTATT,0,0
GCGCCACGTCCAACAC,0,0
GCGCCGTAGAAACGTC,0,0
GCGGGGAGCTGCACAA,0,0
GCGGTGCTCAGCGGGT,0,0
GCTCAGCCTGCGTTTA,0,0
GCTTTCGTGACATTGT,0,0
GTACCGACCATGGCTG,0,0
GTCACAGTCATCGTGT,0,0
GTCACCCCTGCACGAT,0,0
GTCATCCAAGATAGGT,0,0
GTCATGTGGAGGCATC,0,0
GTCCTACGAGCTACTT,0,0
GTCGCCGCTAATCCGA,0,0
GTGCACACACTTATCG,0,0
GTGCCAGATACCACAC,0,0
GTGGGCTCGTCGATAC,0,0
GTTCAAGACTGACTCA,0,0
GTTTAATTGATCCGCG,0,0
TAACCGGTCAGATGTT,0,0
TAAGGTACATCCATTC,0,0
TACCTAAGGTTAGTGC,0,0
TAGCCTATAATCAAGT,0,0
TAGTCAAGACTACATT,0,0
TAGTCAGGCATGGTCA,0,0
TATATTAGTAACATAA,0,0
TATCCGGGTCTGATGC,0,0
TCACTAGCAGAAGTGC,0,0
TCACTCTCCACCGCCC,0,0
TCCCAAGACAAGCGAC,0,0
TCCGCACTGCGATCAC,0,0
TCCTATGCACGCACAA,0,0
TCGACCGAGTCGGGCA,0,0
TCGAGGAAGGTTCCGA,0,0
TCGGGAATAGTAGAAG,0,0
TCGGGTCCACAACCTA,0,0
TCTCTCCGTCCCACGT,0,0
TCTGGACCGCGCTCTT,0,0
TGAACCCGCCGACTGA,0,0
TGACGTCCAGAACAGA,0,0
TGAGCTCTGCACAGTG,0,0
TGATTACCAGTCTTCT,0,0
TGCACGTAACCCGCGC,0,0
TGCCCAATCAGGAGGT,0,0
TGCGGTGGTCGATCCG,0,0
TGCTGCAGCCATCAGT,0,0
TGGAGAAGTCACGCAA,0,0
TGGCATATGATATTCA,0,0
TGGTACAAAAATAGAG,0,0
TGTAAGCTAATTTAAG,0,0
TGTCCGGATAAAGTAG,0,0
TTAGGTAGGGTAAGAT,0,0
TTATCCGCAACTCAGC,0,0
TTCAACCACACAGTTT,0,0
TTCCCAGTACTTCTAG,0,0
TTCTGAAAGACACCAC,0,0
TTGTCGACGATGTAGA,0,0
TTGTGCGTCATAGCGA,0,0
TTGTTCGCTTTCAGCC,0,0
TTTACTCGATCCTCGC,0,0
TTTGGAGCTATAAGGC,0,0
TTTTCTGACGATGCAG,0,0
