barcode,count,fraction_all_valid_and_invalid_counts
GTACAAACCTGCAAAT,35177,0.0412
CAATTAGAAATACATA,19835,0.0232
CAACGGAACGATATTG,16818,0.0197
TATGCCTAACCGAAGA,14788,0.0173
TGATTTTGCCGAGAGA,13023,0.0153
AACCACCGAGTGACCG,12941,0.0152
GCGCCGTAGAAACGTC,12735,0.0149
GTCAGAACCACTTGCG,12495,0.0146
AAAAAATTTATGACAA,12144,0.0142
TGCCGATCTCAGGGGG,12139,0.0142
CATTGTAATGAAGCCT,11958,0.014
GCAGTGCGCACCCCGA,11795,0.0138
TATTGGTGGGGTAAAC,11748,0.0138
CGATGATGTAAACATG,11736,0.0138
CAGAAGCAAAAGATAG,11403,0.0134
GTCCTAGTGCATAGGA,10882,0.0128
TAGCCAGCGGCCGTTA,10424,0.0122
AACGACAAACAGTAAG,10279,0.012
TCTGGACCGCGCTCTT,10224,0.012
TACCCTGCAAGCCACT,10100,0.0118
TAGCATATCGGTTGAT,9929,0.0116
GCATGTAGGTATGATG,9869,0.0116
AAACGGCGCAGGCACA,9608,0.0113
TGGAGAAGTCACGCAA,9561,0.0112
ATTACACTGGAAGGTT,9454,0.0111
AGCCCATACCCGGGTG,9395,0.011
GTCACAGTCATCGTGT,9353,0.011
CGCATAACACCATCAA,9345,0.011
ATAGGTAGGTTAATGC,9221,0.0108
AATTGGGACTCTGCGA,8486,0.00995
GTTCAAGACTGACTCA,8175,0.00958
TAGTCAAGACTACATT,7979,0.00935
GCATGAGGGTATACCC,7843,0.00919
GCAATTCATGGACTTG,7691,0.00901
TCGGCGTGAGCATGGC,7659,0.00898
TGTAAGCTAATTTAAG,7654,0.00897
AGGCGAAAGGGAGGGA,7581,0.00889
TGCACTTGACCGGGAA,7579,0.00888
ATACATATTTTGCCTT,7519,0.00881
TTATCTGTAGAGCGCT,6842,0.00802
TCTTTCCGAGACGATT,6746,0.00791
CGGTCTAGTCTGGTGT,6678,0.00783
AGAAAAGATAGGAAAG,6674,0.00782
GCAGGTAGACTATCGG,6655,0.0078
CGCGACACCCTTCCGG,6654,0.0078
TCCTATTTTGCAAGTG,6542,0.00767
CCTTGGGTATACTCAT,6513,0.00763
ATACAAACGGGGAGGA,6250,0.00733
TACCCTTAGTGGAGAT,6202,0.00727
CGACAGAGTTCGTGGA,6090,0.00714
TGAGCTCTGCACAGTG,6050,0.00709
TTGTGCGTCATAGCGA,5947,0.00697
CATACAGAGTTTGTTG,5891,0.0069
CGGCGTTGCCAAAGAA,5752,0.00674
GAAGTAGTAGATCATA,5698,0.00668
GAACTGCTAACCTTCA,5601,0.00656
TCGACCGAGTCGGGCA,5539,0.00649
CCCTGAGGTATCATTG,5536,0.00649
CGAGCATTAAGAGGTA,5388,0.00632
ACGGCATCCCAATTGA,5378,0.0063
GCGGTGCTCAGCGGGT,5359,0.00628
GCGCGGATAGATGAAC,5237,0.00614
TGGCATATGATATTCA,5222,0.00612
TCACTCTCCACCGCCC,5108,0.00599
CAGCGACGTAGGACAC,5045,0.00591
AAGACTCTGTGAGTAA,5000,0.00586
ACCTCTTCCAGTCGGT,4982,0.00584
AGCCACATTCGGTGAT,4959,0.00581
CTACTCTTAGGCCGGG,4884,0.00572
GACCAGGCCGTCAGTA,4883,0.00572
CTTACAGAATACTAGA,4837,0.00567
TCGAGGAAGGTTCCGA,4725,0.00554
TAACCGGTCAGATGTT,4601,0.00539
ATTCGTGAACACGAGA,4408,0.00517
CCTACAATGCGCTTTG,4295,0.00503
CATGTTAAATTTGACA,4277,0.00501
ACGTCTTCATTTTCCC,4148,0.00486
TCACTAGCAGAAGTGC,4124,0.00483
CCAGCTTAGACTTCGC,4016,0.00471
TCTATATAGATCCTTA,3854,0.00452
CCTCTGTGTACTAATT,3831,0.00449
ATGATATGCTTACGCA,3783,0.00443
AATGTAATATCCCAGT,3765,0.00441
ACAACCAAGTCTAAGC,3605,0.00423
CTTTAAATTATAGTCT,3494,0.0041
GACGTACATTAAAAAT,3401,0.00399
AATCATACATGCTTCT,3384,0.00397
TAAACCTCTACTGATA,3346,0.00392
CCTACGCTCGTATCCC,3232,0.00379
AAGGACAAGCAGCAGG,3198,0.00375
GATTAAACGGTGACGC,3161,0.0037
AGGAAAGAAACTGGAG,3061,0.00359
TTCAACCACACAGTTT,2830,0.00332
GTAGAACTGCGGCCCC,2818,0.0033
TGCTGCAGCCATCAGT,2804,0.00329
GATAACTCTGAGCACG,2774,0.00325
TAAGCTTACATTTCCT,2767,0.00324
AGTTTCGAATCAAACT,2657,0.00311
GCGAAGTTTCATAGCG,2586,0.00303
AGCATGTTTCTTATGC,2577,0.00302
TAGGGAAACGAAAAGC,2560,0.003
TAGTCAGGCATGGTCA,2513,0.00295
CCCGATACGTACAAAA,2456,0.00288
GAAGAAACTATAACCA,2441,0.00286
TTCTGAAAGACACCAC,2440,0.00286
AGTAAACATGCATTGG,2314,0.00271
CCTGTAGGCATCACGG,2220,0.0026
CTCTAGTTCGGGGCCA,2210,0.00259
TGGAATCGTCACCGAT,2210,0.00259
CGGTAATCTCAGGACC,2191,0.00257
AGTTACCTGCAAATAC,2177,0.00255
CGGGAGCTCCGATATA,2047,0.0024
TAAGGTACATCCATTC,2027,0.00238
GCTGATAAACAATCTA,2022,0.00237
TATCCGGGTCTGATGC,1955,0.00229
CACGGGCTAATGTCTC,1940,0.00227
TGCGGTGGTCGATCCG,1928,0.00226
TCTTAGAGTAGTATAG,1735,0.00203
CTTGGATTTGTTTGGC,1719,0.00201
TGGTACAAAAATAGAG,1715,0.00201
CTGTTTTAACACACCA,1691,0.00198
AGAAGATCGGATGTTT,1653,0.00194
CCACTTCACTGAAATC,1609,0.00189
TGACGTCCAGAACAGA,1607,0.00188
GCTAACGGGCATCTAC,1579,0.00185
ATAGAATCGCAAATTA,1552,0.00182
CTGAACTTGTCGATAT,1533,0.0018
TTTACTCGATCCTCGC,1492,0.00175
ATGCAGGTCTAAGCAT,1454,0.0017
GAGCGACACTCGATCT,1421,0.00167
CCGGGGGTGAAGTTCC,1371,0.00161
CTCTCGCCTACTCATA,1289,0.00151
AGGCCGCCGGTCATGA,1261,0.00148
GTACCGACCATGGCTG,1248,0.00146
ACTTTTTGTAACTCCA,1229,0.00144
TGAGCCAATTAAGTAG,1194,0.0014
ACGTCCATTAAGATCA,1185,0.00139
TATCAAGTGTCCCGGG,1104,0.00129
GTGTCGTGTTAAAGGC,1081,0.00127
CCGGATATGGCTGGTC,1068,0.00125
CTGAGTTCGTGAGCTG,1061,0.00124
TTGTCGACGATGTAGA,1018,0.00119
ACCACAATAAGTCTCG,960,0.00113
ATTTCCCCAAAACACT,946,0.00111
TCATCTGATCGGTCCG,941,0.0011
ATTGCAACGCCGGTGT,927,0.00109
GCTTTCGTGACATTGT,858,0.00101
GCTCAGCCTGCGTTTA,819,0.00096
GTGCACACACTTATCG,801,0.000939
ACCCGTCGGGTTGCAT,799,0.000936
TGCCCAATCAGGAGGT,798,0.000935
CGGGATTGGTGAAGTG,789,0.000925
AAAGCTCTTTTCGTTC,783,0.000918
TCGCTGGCTGCTGGGT,783,0.000918
GAGCCTGGCTGTAACC,775,0.000908
AAAAGGGCTTTGCGCG,756,0.000886
GCTGCGACGGCTCACG,754,0.000884
GCGGGGAGCTGCACAA,751,0.00088
TGATCTTAGGTTAGCT,732,0.000858
AGACGGGGATTTTCAA,715,0.000838
GCCTCAGCAGGACCCC,715,0.000838
GTTTAATTGATCCGCG,710,0.000832
GAATTCAATCTTTAAA,697,0.000817
TCGCACGCGTTCATCA,691,0.00081
GAGGTCGCGCTTGATA,683,0.000801
TATATTAGTAACATAA,683,0.000801
ACGGGGAATGCGAGAG,659,0.000772
CGTACTTGTTCTCTCA,642,0.000752
GAGACGACCAAGTCCA,614,0.00072
GCCAATAAGCTCACAC,595,0.000697
CGGAAACCTAGCGTTC,584,0.000684
TCGGGTCCACAACCTA,576,0.000675
GTATGAATCGCCACCA,570,0.000668
GCCGGCGTAAATACCC,562,0.000659
TTAGGTAGGGTAAGAT,553,0.000648
TGTCCGGATAAAGTAG,545,0.000639
GTCATGTGGAGGCATC,525,0.000615
GTGGGCTCGTCGATAC,520,0.000609
CACGGCCGGCGAACTC,513,0.000601
TCCTATGCACGCACAA,502,0.000588
TTGGAGAATCCGTCTA,500,0.000586
CGCGACAGTTTCCATT,493,0.000578
CTAAAATCTTGACCAA,480,0.000563
ACCTCAGTGAGAGCTA,474,0.000556
ACCAGGTGGCAGTACA,471,0.000552
AGGGCGGGATATTGGG,468,0.000549
GATCGGAGGATGGCTC,455,0.000533
GCCGGCGTTAGTGTCA,446,0.000523
ACTCTCATGAGCGGCC,443,0.000519
CACCGGACTAGAAAAT,441,0.000517
TTAATGTTGGGTATCC,423,0.000496
CCCAAACTGAGGTCCA,417,0.000489
GCGCTTGCTCTTAAGT,407,0.000477
GCGACCGCATACTATT,397,0.000465
CCAACGCTTCATGTTT,374,0.000438
CCAGTAAATGCAAACC,367,0.00043
TTGGTCTTAATAGACA,363,0.000425
CAAGTGGGCTCTACAT,361,0.000423
CGGGTCCTAGGCGAGG,351,0.000411
TACTCCTGCGGCAACG,351,0.000411
AGTGTAGGAGCAGCCC,323,0.000379
GAGCAACAACTGGACG,317,0.000372
CCATCTGTGGCCTCGA,313,0.000367
CGGATATTGAGGAAGA,309,0.000362
GTCGTACGATTTAGGA,309,0.000362
GCCTATCCGAGTGTCC,302,0.000354
AGTTTTTATAACTTGC,300,0.000352
GAGTACTCTGCGTTTT,273,0.00032
AAAGGAAGCCCCTCAC,260,0.000305
GCTGCTAATGCGCACG,253,0.000297
ATTTTGGTACCTACAA,233,0.000273
TAGAGCTGTTGACAAA,218,0.000256
GAGGTACCACGTCATT,209,0.000245
ATGCAGTGCTTCAACT,203,0.000238
CGGGTTCGGTTTTGAC,189,0.000222
AAGGAGAGCACGGAGG,165,0.000193
CCAAAGCACTGTACTA,162,0.00019
ACGCCGCCGCCTACAT,159,0.000186
AACTCTAAGTAGTGTC,156,0.000183
AGCGTCGGCACCATAT,154,0.00018
GATAACAACTTCACCT,154,0.00018
GCCTTCCTTGCAACTA,154,0.00018
TACGGCATGGCCTCCT,150,0.000176
CATAAAAGACTGTATA,147,0.000172
ACTTCACAGGTTGATA,144,0.000169
CAGGCGTTCTACCCAC,137,0.000161
ACGTTTGCAAGATGCG,133,0.000156
CAGGAGACTTCGCTCC,129,0.000151
TTTTCTGACGATGCAG,123,0.000144
TGATTCCTTTGCGCAA,117,0.000137
ATAGGCACTCGGTGCG,115,0.000135
ATATTAACGATGTGAA,109,0.000128
AACGAGTGAGAATGCT,103,0.000121
AGCCGATTCATGACAT,99,0.000116
TGCGGTGACTTACAAG,98,0.000115
GTCACCCCTGCACGAT,97,0.000114
TCGGGAATAGTAGAAG,89,0.000104
TCCCAAGACAAGCGAC,85,9.96e-05
ATGTACACCCGCTCTA,82,9.61e-05
GAATCTCCCTATTCAT,82,9.61e-05
CCCGCTCTTTGTCCAC,80,9.38e-05
AGACCATCGCACCCAA,65,7.62e-05
GTCGCTCCAGGCGGTT,64,7.5e-05
GAAGTGCTGCTGAAGT,62,7.27e-05
AGAGCTAAAAAGAGGA,61,7.15e-05
CTATCATGGGCGCCCA,61,7.15e-05
CGTCGCCTCATCACGT,58,6.8e-05
GCGGACAGCGGTTATC,58,6.8e-05
GTGCCAGATACCACAC,56,6.56e-05
AAATAAGCTGTCGCGA,55,6.45e-05
CCTCGGATAACGGGAC,55,6.45e-05
GTCGCCGCTAATCCGA,52,6.09e-05
CAGTAGTTGTCATGGG,50,5.86e-05
ATGCGGCCTAAGCCTC,49,5.74e-05
GAATCATTTAAGGTTG,48,5.63e-05
CCTAATAATCCCAACA,45,5.27e-05
GATCGGAATAACCGTA,39,4.57e-05
CATGATTAGCCGTTAT,35,4.1e-05
GTTCTGTACACAGCAT,30,3.52e-05
TCGGAGAGCGATCCGC,30,3.52e-05
CGTACGTATGTCCCAG,27,3.16e-05
GTAGATACTAGGACCA,27,3.16e-05
AGTCCTATCCTCAAAT,25,2.93e-05
GTCGACTTATGCGCCG,25,2.93e-05
TTGTTCGCTTTCAGCC,24,2.81e-05
GTCCTACGAGCTACTT,22,2.58e-05
TGATTACCAGTCTTCT,20,2.34e-05
CAGGTGAAGGAACACC,19,2.23e-05
CATTTCTGATGAATTG,19,2.23e-05
GAATAATAGAACAGAG,16,1.88e-05
TACCTAAGGTTAGTGC,16,1.88e-05
AAGAAGCTATAGAAGT,12,1.41e-05
AAGCCCAGCGGGTGAT,12,1.41e-05
ACGTGAGCACAGAGGC,10,1.17e-05
GATCGGGTGGTATGCT,8,9.38e-06
TCTCTCCGTCCCACGT,8,9.38e-06
CCCTGGTATACTCGGC,6,7.03e-06
TAGCCTATAATCAAGT,6,7.03e-06
TGAACCCGCCGACTGA,6,7.03e-06
CATGTGGAGGGTCGAG,5,5.86e-06
AGAGATGGTCCGTGCC,4,4.69e-06
CTTAGGTATTATATGC,4,4.69e-06
ACTCGCATGTCTGTAG,3,3.52e-06
ATGAACCCGGACCACC,2,2.34e-06
TGACGATGCTCCCATT,1,1.17e-06
TGCACGTAACCCGCGC,1,1.17e-06
AAAGGCGCGCCTTCAA,0,0
AACTCCAATTTGTTTT,0,0
AAGTTAAGAGAAAGTT,0,0
AATCCGAAATTTATTC,0,0
ACAAGCTTTGTGTTAT,0,0
AGAACGTGCCTTTGCG,0,0
AGACCTTGTTGGTACA,0,0
AGCCAGTCAAAGTCTC,0,0
ATCGCAAGTACCAGTT,0,0
CAGGCTGCTGGGCCGC,0,0
CCGACACAACTACTGG,0,0
CCGCAGGTTTACAGCA,0,0
CGATCTTTACGAAAAA,0,0
CGGCGGATAAGCCCTT,0,0
CTCCGTAGCATCACAG,0,0
GACCGAAGCCTTATGG,0,0
GCGCCACGTCCAACAC,0,0
GTCATCCAAGATAGGT,0,0
GTGTTGTTAATAATCG,0,0
TCCACACCCCTAGCTA,0,0
TCCGCACTGCGATCAC,0,0
TTATCCGCAACTCAGC,0,0
TTCCCAGTACTTCTAG,0,0
TTTGGAGCTATAAGGC,0,0
