barcode,count,fraction_all_valid_and_invalid_counts
CTTGGATTTGTTTGGC,35259,0.0186
CATAAAAGACTGTATA,33719,0.0178
TGACGATGCTCCCATT,25405,0.0134
GTCGCCGCTAATCCGA,23859,0.0126
CGTACGTATGTCCCAG,21366,0.0113
TAGGGAAACGAAAAGC,21182,0.0112
TCTTAGAGTAGTATAG,20584,0.0108
GTACAAACCTGCAAAT,20535,0.0108
GAAGTGCTGCTGAAGT,20032,0.0106
GTATGAATCGCCACCA,19133,0.0101
ATGCAGGTCTAAGCAT,18193,0.00959
AGACCATCGCACCCAA,17331,0.00913
AGTTACCTGCAAATAC,17329,0.00913
GTAGATACTAGGACCA,16383,0.00863
GAGACGACCAAGTCCA,16223,0.00855
TTAATGTTGGGTATCC,15927,0.00839
CAATTAGAAATACATA,15067,0.00794
CCACTTCACTGAAATC,14329,0.00755
CGGAAACCTAGCGTTC,14231,0.0075
ACTCTCATGAGCGGCC,13395,0.00706
GTGTCGTGTTAAAGGC,13346,0.00703
GTCGTACGATTTAGGA,13130,0.00692
TCGCTGGCTGCTGGGT,13072,0.00689
TATCAAGTGTCCCGGG,12813,0.00675
TCTCTCCGTCCCACGT,12744,0.00672
AGACGGGGATTTTCAA,12635,0.00666
TGGTACAAAAATAGAG,12623,0.00665
TAAGCTTACATTTCCT,12456,0.00656
GAGGTACCACGTCATT,12347,0.00651
GAGCCTGGCTGTAACC,12144,0.0064
GCTAACGGGCATCTAC,12122,0.00639
TACTCCTGCGGCAACG,12111,0.00638
TGATTTTGCCGAGAGA,12103,0.00638
GATCGGGTGGTATGCT,12018,0.00633
CAACGGAACGATATTG,11848,0.00624
TTGGAGAATCCGTCTA,11825,0.00623
TTAGGTAGGGTAAGAT,11790,0.00621
AGCATGTTTCTTATGC,11717,0.00617
GCGCGGATAGATGAAC,11397,0.00601
TCATCTGATCGGTCCG,11325,0.00597
GCTGCTAATGCGCACG,11113,0.00586
CGTACTTGTTCTCTCA,11074,0.00584
TAAACCTCTACTGATA,10971,0.00578
TAGAGCTGTTGACAAA,10448,0.00551
ATAGGCACTCGGTGCG,10352,0.00546
CTAAAATCTTGACCAA,10029,0.00528
GCGGACAGCGGTTATC,10017,0.00528
CCAGTAAATGCAAACC,9986,0.00526
CCCAAACTGAGGTCCA,9683,0.0051
AAAAAATTTATGACAA,9527,0.00502
ATGCAGTGCTTCAACT,9459,0.00498
TGCCGATCTCAGGGGG,9321,0.00491
GTAGAACTGCGGCCCC,9290,0.0049
CATTGTAATGAAGCCT,9257,0.00488
CATTTCTGATGAATTG,9250,0.00487
AGGGCGGGATATTGGG,8995,0.00474
GTCAGAACCACTTGCG,8971,0.00473
AAATAAGCTGTCGCGA,8908,0.00469
AGTTTCGAATCAAACT,8901,0.00469
CCAAAGCACTGTACTA,8775,0.00462
GCAGTGCGCACCCCGA,8737,0.0046
CCGGATATGGCTGGTC,8732,0.0046
CGGGTCCTAGGCGAGG,8665,0.00457
ACCTCAGTGAGAGCTA,8521,0.00449
TTTTCTGACGATGCAG,8500,0.00448
TCTGGACCGCGCTCTT,8449,0.00445
AACCACCGAGTGACCG,8435,0.00444
GAGTACTCTGCGTTTT,8414,0.00443
GTGTTGTTAATAATCG,8349,0.0044
CTTAGGTATTATATGC,8277,0.00436
CAGAAGCAAAAGATAG,8256,0.00435
TCGGCGTGAGCATGGC,8226,0.00433
TGATCTTAGGTTAGCT,8185,0.00431
GCGCTTGCTCTTAAGT,8149,0.00429
TGATTCCTTTGCGCAA,7929,0.00418
CCTACGCTCGTATCCC,7913,0.00417
CCTACAATGCGCTTTG,7871,0.00415
TTGTCGACGATGTAGA,7855,0.00414
TGCCCAATCAGGAGGT,7840,0.00413
GATCGGAATAACCGTA,7834,0.00413
ACTTTTTGTAACTCCA,7823,0.00412
GCATGAGGGTATACCC,7784,0.0041
GCATGTAGGTATGATG,7772,0.0041
AACTCCAATTTGTTTT,7705,0.00406
AAGTTAAGAGAAAGTT,7687,0.00405
TATGCCTAACCGAAGA,7681,0.00405
AGGCCGCCGGTCATGA,7666,0.00404
ATGAACCCGGACCACC,7417,0.00391
GTTTAATTGATCCGCG,7400,0.0039
AATTGGGACTCTGCGA,7326,0.00386
CGGATATTGAGGAAGA,7191,0.00379
CCCTGGTATACTCGGC,7127,0.00376
CGGTCTAGTCTGGTGT,7127,0.00376
TCGCACGCGTTCATCA,7126,0.00376
AATCATACATGCTTCT,7080,0.00373
CGATGATGTAAACATG,7077,0.00373
AACGAGTGAGAATGCT,7068,0.00372
AGCCCATACCCGGGTG,7010,0.00369
ATTACACTGGAAGGTT,6911,0.00364
GCGCCGTAGAAACGTC,6901,0.00364
TGAGCCAATTAAGTAG,6812,0.00359
AACGACAAACAGTAAG,6810,0.00359
CTCTCGCCTACTCATA,6808,0.00359
CTCTAGTTCGGGGCCA,6807,0.00359
AACTCTAAGTAGTGTC,6799,0.00358
ACGTGAGCACAGAGGC,6762,0.00356
CGCGACAGTTTCCATT,6735,0.00355
TATTGGTGGGGTAAAC,6609,0.00348
GTCACAGTCATCGTGT,6575,0.00346
TAGCCTATAATCAAGT,6511,0.00343
AAAGGAAGCCCCTCAC,6501,0.00343
ATTTCCCCAAAACACT,6500,0.00343
GTGCACACACTTATCG,6500,0.00343
TACCTAAGGTTAGTGC,6496,0.00342
AGCCGATTCATGACAT,6476,0.00341
ATTCGTGAACACGAGA,6431,0.00339
AAGGACAAGCAGCAGG,6420,0.00338
GAGGTCGCGCTTGATA,6408,0.00338
ACGGCATCCCAATTGA,6407,0.00338
TGCGGTGGTCGATCCG,6387,0.00337
TGTAAGCTAATTTAAG,6372,0.00336
CGGTAATCTCAGGACC,6352,0.00335
CCAACGCTTCATGTTT,6178,0.00326
TGCACTTGACCGGGAA,6168,0.00325
ACTTCACAGGTTGATA,6165,0.00325
GTCGCTCCAGGCGGTT,6150,0.00324
AAGCCCAGCGGGTGAT,6104,0.00322
GCAATTCATGGACTTG,6077,0.0032
AAGACTCTGTGAGTAA,6008,0.00317
TGGCATATGATATTCA,5991,0.00316
TGGAGAAGTCACGCAA,5961,0.00314
GTCCTAGTGCATAGGA,5909,0.00311
GAAGAAACTATAACCA,5900,0.00311
GATAACAACTTCACCT,5890,0.0031
GTTCAAGACTGACTCA,5824,0.00307
ACGGGGAATGCGAGAG,5823,0.00307
TCGGAGAGCGATCCGC,5778,0.00304
GCTGATAAACAATCTA,5772,0.00304
ATAGGTAGGTTAATGC,5766,0.00304
TTTGGAGCTATAAGGC,5746,0.00303
AAACGGCGCAGGCACA,5726,0.00302
CCGGGGGTGAAGTTCC,5698,0.003
AGAAGATCGGATGTTT,5690,0.003
TTGTTCGCTTTCAGCC,5629,0.00297
AGAAAAGATAGGAAAG,5568,0.00293
GTCCTACGAGCTACTT,5453,0.00287
TTGTGCGTCATAGCGA,5445,0.00287
TACCCTGCAAGCCACT,5433,0.00286
TGCGGTGACTTACAAG,5416,0.00285
CGACAGAGTTCGTGGA,5270,0.00278
CGCATAACACCATCAA,5237,0.00276
TTCCCAGTACTTCTAG,5231,0.00276
GAATAATAGAACAGAG,5215,0.00275
ATCGCAAGTACCAGTT,5129,0.0027
ATACATATTTTGCCTT,5094,0.00268
TAGCCAGCGGCCGTTA,5090,0.00268
ACCACAATAAGTCTCG,5055,0.00266
GCTGCGACGGCTCACG,4909,0.00259
GCAGGTAGACTATCGG,4903,0.00258
ATACAAACGGGGAGGA,4804,0.00253
TAGCATATCGGTTGAT,4780,0.00252
GAAGTAGTAGATCATA,4650,0.00245
ATATTAACGATGTGAA,4648,0.00245
GCGGGGAGCTGCACAA,4596,0.00242
GTCATGTGGAGGCATC,4595,0.00242
CGGCGTTGCCAAAGAA,4539,0.00239
CGCGACACCCTTCCGG,4537,0.00239
GACCAGGCCGTCAGTA,4476,0.00236
TCGAGGAAGGTTCCGA,4466,0.00235
CGAGCATTAAGAGGTA,4452,0.00235
TCCTATTTTGCAAGTG,4399,0.00232
AGGCGAAAGGGAGGGA,4377,0.00231
ATGCGGCCTAAGCCTC,4301,0.00227
GTACCGACCATGGCTG,4275,0.00225
GATCGGAGGATGGCTC,4264,0.00225
AGCCACATTCGGTGAT,4247,0.00224
GAACTGCTAACCTTCA,4237,0.00223
CCTTGGGTATACTCAT,4156,0.00219
ACCAGGTGGCAGTACA,4129,0.00218
GAGCAACAACTGGACG,4119,0.00217
ATTTTGGTACCTACAA,4106,0.00216
TACGGCATGGCCTCCT,4066,0.00214
TCACTCTCCACCGCCC,4055,0.00214
TCCACACCCCTAGCTA,4029,0.00212
TAACCGGTCAGATGTT,4023,0.00212
CCCGCTCTTTGTCCAC,3958,0.00209
TCCCAAGACAAGCGAC,3943,0.00208
GCCGGCGTAAATACCC,3822,0.00201
TTTACTCGATCCTCGC,3813,0.00201
AGGAAAGAAACTGGAG,3797,0.002
GCCAATAAGCTCACAC,3762,0.00198
TCGACCGAGTCGGGCA,3751,0.00198
GCCTATCCGAGTGTCC,3745,0.00197
TTATCTGTAGAGCGCT,3722,0.00196
TGAGCTCTGCACAGTG,3671,0.00193
ACCCGTCGGGTTGCAT,3660,0.00193
TTGGTCTTAATAGACA,3629,0.00191
CAAGTGGGCTCTACAT,3619,0.00191
CACCGGACTAGAAAAT,3580,0.00189
TAGTCAAGACTACATT,3577,0.00188
ACCTCTTCCAGTCGGT,3542,0.00187
CATGTTAAATTTGACA,3541,0.00187
CGATCTTTACGAAAAA,3540,0.00187
CATACAGAGTTTGTTG,3495,0.00184
GCGGTGCTCAGCGGGT,3478,0.00183
AATGTAATATCCCAGT,3429,0.00181
TCTTTCCGAGACGATT,3414,0.0018
CTACTCTTAGGCCGGG,3368,0.00177
GAATCATTTAAGGTTG,3365,0.00177
TCTATATAGATCCTTA,3332,0.00176
TGTCCGGATAAAGTAG,3209,0.00169
CTTACAGAATACTAGA,3150,0.00166
GATTAAACGGTGACGC,3134,0.00165
ATTGCAACGCCGGTGT,3121,0.00164
CATGTGGAGGGTCGAG,3117,0.00164
GCCTTCCTTGCAACTA,3053,0.00161
AGTAAACATGCATTGG,3019,0.00159
ACGTCCATTAAGATCA,2994,0.00158
ACGTCTTCATTTTCCC,2937,0.00155
GCCTCAGCAGGACCCC,2885,0.00152
GAGCGACACTCGATCT,2856,0.0015
ATGATATGCTTACGCA,2853,0.0015
ACAACCAAGTCTAAGC,2779,0.00146
CCCTGAGGTATCATTG,2767,0.00146
CGGGTTCGGTTTTGAC,2742,0.00144
GCGAAGTTTCATAGCG,2724,0.00144
ATAGAATCGCAAATTA,2717,0.00143
CGGGAGCTCCGATATA,2717,0.00143
AAGAAGCTATAGAAGT,2660,0.0014
CCTAATAATCCCAACA,2605,0.00137
CTTTAAATTATAGTCT,2584,0.00136
TTCAACCACACAGTTT,2540,0.00134
TGACGTCCAGAACAGA,2522,0.00133
GCCGGCGTTAGTGTCA,2450,0.00129
CCAGCTTAGACTTCGC,2430,0.00128
AGCCAGTCAAAGTCTC,2423,0.00128
CCTCGGATAACGGGAC,2398,0.00126
TGGAATCGTCACCGAT,2373,0.00125
CAGGCTGCTGGGCCGC,2335,0.00123
TACCCTTAGTGGAGAT,2326,0.00123
TCCTATGCACGCACAA,2314,0.00122
TGCACGTAACCCGCGC,2295,0.00121
GTCGACTTATGCGCCG,2267,0.00119
AAAGCTCTTTTCGTTC,2203,0.00116
TATCCGGGTCTGATGC,2192,0.00116
AGAGCTAAAAAGAGGA,2189,0.00115
AAAGGCGCGCCTTCAA,2183,0.00115
ACTCGCATGTCTGTAG,2161,0.00114
TGATTACCAGTCTTCT,2152,0.00113
CAGGTGAAGGAACACC,2012,0.00106
TCACTAGCAGAAGTGC,1990,0.00105
GACGTACATTAAAAAT,1966,0.00104
TAGTCAGGCATGGTCA,1822,0.00096
TGCTGCAGCCATCAGT,1818,0.000958
AGCGTCGGCACCATAT,1813,0.000955
ATGTACACCCGCTCTA,1780,0.000938
CTGAACTTGTCGATAT,1779,0.000937
GCTTTCGTGACATTGT,1750,0.000922
CAGGCGTTCTACCCAC,1653,0.000871
GCGCCACGTCCAACAC,1635,0.000862
CCTCTGTGTACTAATT,1632,0.00086
TGAACCCGCCGACTGA,1617,0.000852
TTCTGAAAGACACCAC,1573,0.000829
CACGGCCGGCGAACTC,1534,0.000808
TAAGGTACATCCATTC,1530,0.000806
CTGTTTTAACACACCA,1462,0.00077
CCTGTAGGCATCACGG,1405,0.00074
GTGCCAGATACCACAC,1386,0.00073
CCATCTGTGGCCTCGA,1378,0.000726
CAGCGACGTAGGACAC,1375,0.000725
CACGGGCTAATGTCTC,1223,0.000644
GAATCTCCCTATTCAT,1214,0.00064
GTTCTGTACACAGCAT,1132,0.000597
GATAACTCTGAGCACG,1129,0.000595
TATATTAGTAACATAA,1070,0.000564
CCCGATACGTACAAAA,1032,0.000544
AGAGATGGTCCGTGCC,916,0.000483
GTCATCCAAGATAGGT,911,0.00048
GAATTCAATCTTTAAA,846,0.000446
TCGGGTCCACAACCTA,833,0.000439
AGTTTTTATAACTTGC,815,0.000429
CTGAGTTCGTGAGCTG,798,0.000421
CATGATTAGCCGTTAT,782,0.000412
CTATCATGGGCGCCCA,743,0.000392
GACCGAAGCCTTATGG,728,0.000384
CGGGATTGGTGAAGTG,680,0.000358
AAAAGGGCTTTGCGCG,594,0.000313
AGTCCTATCCTCAAAT,577,0.000304
AGACCTTGTTGGTACA,516,0.000272
GCTCAGCCTGCGTTTA,507,0.000267
GTGGGCTCGTCGATAC,506,0.000267
TTATCCGCAACTCAGC,466,0.000246
CGTCGCCTCATCACGT,418,0.00022
GCGACCGCATACTATT,411,0.000217
TCGGGAATAGTAGAAG,410,0.000216
CGGCGGATAAGCCCTT,402,0.000212
AGTGTAGGAGCAGCCC,374,0.000197
ACAAGCTTTGTGTTAT,336,0.000177
CAGGAGACTTCGCTCC,304,0.00016
ACGTTTGCAAGATGCG,251,0.000132
ACGCCGCCGCCTACAT,217,0.000114
CCGACACAACTACTGG,180,9.49e-05
CTCCGTAGCATCACAG,153,8.06e-05
AATCCGAAATTTATTC,108,5.69e-05
GTCACCCCTGCACGAT,79,4.16e-05
CAGTAGTTGTCATGGG,14,7.38e-06
AAGGAGAGCACGGAGG,11,5.8e-06
AGAACGTGCCTTTGCG,0,0
CCGCAGGTTTACAGCA,0,0
TCCGCACTGCGATCAC,0,0
