barcode,count,fraction_all_valid_and_invalid_counts
GTACAAACCTGCAAAT,360558,0.164
CAATTAGAAATACATA,200339,0.091
AAAAAATTTATGACAA,108721,0.0494
AACCACCGAGTGACCG,98292,0.0446
TACCCTGCAAGCCACT,93929,0.0426
AACGACAAACAGTAAG,85793,0.0389
TTATCTGTAGAGCGCT,56007,0.0254
CATACAGAGTTTGTTG,46146,0.0209
CTTTAAATTATAGTCT,29643,0.0135
TCTTTCCGAGACGATT,17570,0.00798
CTTAGGTATTATATGC,15830,0.00719
GAGCCTGGCTGTAACC,15571,0.00707
GAAGTGCTGCTGAAGT,13101,0.00595
ATGCAGGTCTAAGCAT,13045,0.00592
CTTGGATTTGTTTGGC,12537,0.00569
ATGATATGCTTACGCA,12429,0.00564
ATGAACCCGGACCACC,12352,0.00561
TAGGGAAACGAAAAGC,12075,0.00548
CATAAAAGACTGTATA,11624,0.00528
TCGCTGGCTGCTGGGT,11522,0.00523
AGTTACCTGCAAATAC,11497,0.00522
TCTGGACCGCGCTCTT,11384,0.00517
TTTTCTGACGATGCAG,10600,0.00481
GAAGAAACTATAACCA,9870,0.00448
AAACGGCGCAGGCACA,9750,0.00443
CGGAAACCTAGCGTTC,9534,0.00433
GTCGCCGCTAATCCGA,9112,0.00414
TCTCTCCGTCCCACGT,8966,0.00407
TGACGATGCTCCCATT,8781,0.00399
GCGCGGATAGATGAAC,8763,0.00398
GTAGAACTGCGGCCCC,8654,0.00393
GTAGATACTAGGACCA,8552,0.00388
ATAGAATCGCAAATTA,8447,0.00383
TCTTAGAGTAGTATAG,8304,0.00377
GAGTACTCTGCGTTTT,8241,0.00374
GCTAACGGGCATCTAC,7981,0.00362
TCGGCGTGAGCATGGC,7734,0.00351
TCCTATGCACGCACAA,7558,0.00343
CATTGTAATGAAGCCT,7516,0.00341
TAGAGCTGTTGACAAA,7476,0.00339
CCACTTCACTGAAATC,7271,0.0033
GAGACGACCAAGTCCA,7245,0.00329
AGCATGTTTCTTATGC,7236,0.00329
GTATGAATCGCCACCA,7093,0.00322
TATGCCTAACCGAAGA,7033,0.00319
CGGGTCCTAGGCGAGG,6935,0.00315
CGTACGTATGTCCCAG,6899,0.00313
TAAACCTCTACTGATA,6808,0.00309
GCTGATAAACAATCTA,6804,0.00309
AATTGGGACTCTGCGA,6605,0.003
GTCGTACGATTTAGGA,6567,0.00298
TATCAAGTGTCCCGGG,6517,0.00296
CAACGGAACGATATTG,6402,0.00291
TGAGCCAATTAAGTAG,6196,0.00281
TATTGGTGGGGTAAAC,6192,0.00281
AGCCCATACCCGGGTG,6071,0.00276
GTCAGAACCACTTGCG,6006,0.00273
GAGGTACCACGTCATT,5998,0.00272
GATCGGGTGGTATGCT,5776,0.00262
TAGCCTATAATCAAGT,5630,0.00256
ACCAGGTGGCAGTACA,5606,0.00255
CTCTAGTTCGGGGCCA,5548,0.00252
GCAGTGCGCACCCCGA,5523,0.00251
ACGTCCATTAAGATCA,5522,0.00251
TACTCCTGCGGCAACG,5499,0.0025
TGGTACAAAAATAGAG,5499,0.0025
TTAATGTTGGGTATCC,5373,0.00244
TCGCACGCGTTCATCA,5329,0.00242
ACCTCAGTGAGAGCTA,5258,0.00239
ACCCGTCGGGTTGCAT,5195,0.00236
CCGGGGGTGAAGTTCC,4972,0.00226
CTAAAATCTTGACCAA,4965,0.00225
AACTCCAATTTGTTTT,4944,0.00224
CAGAAGCAAAAGATAG,4903,0.00223
TTAGGTAGGGTAAGAT,4902,0.00223
CGGTAATCTCAGGACC,4890,0.00222
GCATGTAGGTATGATG,4857,0.0022
CGTACTTGTTCTCTCA,4797,0.00218
TGGAGAAGTCACGCAA,4789,0.00217
ATGCAGTGCTTCAACT,4737,0.00215
ATTACACTGGAAGGTT,4723,0.00214
TAGCATATCGGTTGAT,4723,0.00214
AAGGACAAGCAGCAGG,4716,0.00214
CGGTCTAGTCTGGTGT,4691,0.00213
TGCACTTGACCGGGAA,4690,0.00213
GCCAATAAGCTCACAC,4689,0.00213
ATACAAACGGGGAGGA,4662,0.00212
AAGTTAAGAGAAAGTT,4656,0.00211
CCGGATATGGCTGGTC,4566,0.00207
GCATGAGGGTATACCC,4509,0.00205
AGAAAAGATAGGAAAG,4492,0.00204
TGCCGATCTCAGGGGG,4459,0.00202
GTTTAATTGATCCGCG,4458,0.00202
CCAAAGCACTGTACTA,4396,0.002
TGATTTTGCCGAGAGA,4369,0.00198
GTCCTAGTGCATAGGA,4186,0.0019
GTGTCGTGTTAAAGGC,4185,0.0019
CGATGATGTAAACATG,4144,0.00188
GCGCCGTAGAAACGTC,4144,0.00188
TGCCCAATCAGGAGGT,4129,0.00187
GAGCAACAACTGGACG,4107,0.00186
TCTATATAGATCCTTA,4090,0.00186
GTTCAAGACTGACTCA,4053,0.00184
CGGCGTTGCCAAAGAA,4051,0.00184
CGACAGAGTTCGTGGA,4022,0.00183
TCCTATTTTGCAAGTG,4020,0.00183
TTGGAGAATCCGTCTA,4003,0.00182
ATACATATTTTGCCTT,3989,0.00181
TCATCTGATCGGTCCG,3986,0.00181
GATAACAACTTCACCT,3934,0.00179
TCGACCGAGTCGGGCA,3906,0.00177
GCGCTTGCTCTTAAGT,3870,0.00176
AGCCACATTCGGTGAT,3860,0.00175
AAATAAGCTGTCGCGA,3850,0.00175
ATTCGTGAACACGAGA,3751,0.0017
CGCGACAGTTTCCATT,3576,0.00162
TGGCATATGATATTCA,3568,0.00162
GATCGGAATAACCGTA,3559,0.00162
CGCGACACCCTTCCGG,3558,0.00162
AGAAGATCGGATGTTT,3552,0.00161
AGACGGGGATTTTCAA,3551,0.00161
CATTTCTGATGAATTG,3527,0.0016
TACCTAAGGTTAGTGC,3527,0.0016
TGAGCTCTGCACAGTG,3481,0.00158
AAAGGCGCGCCTTCAA,3474,0.00158
CCAACGCTTCATGTTT,3471,0.00158
TAGTCAAGACTACATT,3469,0.00157
AAGACTCTGTGAGTAA,3449,0.00157
CCAGTAAATGCAAACC,3397,0.00154
ACTTTTTGTAACTCCA,3361,0.00153
ATAGGCACTCGGTGCG,3356,0.00152
ACAACCAAGTCTAAGC,3350,0.00152
GCAATTCATGGACTTG,3284,0.00149
AGACCATCGCACCCAA,3277,0.00149
AGTTTCGAATCAAACT,3264,0.00148
TAAGCTTACATTTCCT,3245,0.00147
TGCGGTGGTCGATCCG,3191,0.00145
AGGCCGCCGGTCATGA,3179,0.00144
TTGTGCGTCATAGCGA,3164,0.00144
TGTAAGCTAATTTAAG,3155,0.00143
CGCATAACACCATCAA,3122,0.00142
AATGTAATATCCCAGT,3119,0.00142
TACGGCATGGCCTCCT,3119,0.00142
CATGTTAAATTTGACA,3111,0.00141
GATTAAACGGTGACGC,3074,0.0014
TTGTCGACGATGTAGA,3064,0.00139
GCGGACAGCGGTTATC,3007,0.00137
CCCTGAGGTATCATTG,2955,0.00134
AGGCGAAAGGGAGGGA,2915,0.00132
CTACTCTTAGGCCGGG,2894,0.00131
TCACTCTCCACCGCCC,2863,0.0013
CCTACGCTCGTATCCC,2860,0.0013
GCCGGCGTAAATACCC,2849,0.00129
GAATAATAGAACAGAG,2838,0.00129
TCCACACCCCTAGCTA,2818,0.00128
ATAGGTAGGTTAATGC,2813,0.00128
GCCTATCCGAGTGTCC,2772,0.00126
GCTGCTAATGCGCACG,2759,0.00125
TGCGGTGACTTACAAG,2755,0.00125
GAACTGCTAACCTTCA,2747,0.00125
CTGAACTTGTCGATAT,2705,0.00123
ACTTCACAGGTTGATA,2693,0.00122
CAGCGACGTAGGACAC,2681,0.00122
TGATTCCTTTGCGCAA,2673,0.00121
CTTACAGAATACTAGA,2666,0.00121
TAGCCAGCGGCCGTTA,2657,0.00121
GCGGTGCTCAGCGGGT,2650,0.0012
CACCGGACTAGAAAAT,2632,0.00119
GCAGGTAGACTATCGG,2616,0.00119
AACTCTAAGTAGTGTC,2503,0.00114
TCCCAAGACAAGCGAC,2479,0.00113
AAGCCCAGCGGGTGAT,2451,0.00111
AGGGCGGGATATTGGG,2450,0.00111
GTGCACACACTTATCG,2446,0.00111
GTACCGACCATGGCTG,2423,0.0011
TTTGGAGCTATAAGGC,2395,0.00109
CCCTGGTATACTCGGC,2359,0.00107
GTGTTGTTAATAATCG,2346,0.00107
CCAGCTTAGACTTCGC,2341,0.00106
AATCATACATGCTTCT,2335,0.00106
GACCAGGCCGTCAGTA,2334,0.00106
CGGATATTGAGGAAGA,2331,0.00106
AGCCAGTCAAAGTCTC,2302,0.00105
TTCAACCACACAGTTT,2253,0.00102
AGTAAACATGCATTGG,2241,0.00102
GCCTCAGCAGGACCCC,2235,0.00101
GCTGCGACGGCTCACG,2228,0.00101
ACGTGAGCACAGAGGC,2195,0.000996
TCGAGGAAGGTTCCGA,2188,0.000993
AGCCGATTCATGACAT,2165,0.000983
CGAGCATTAAGAGGTA,2108,0.000957
TACCCTTAGTGGAGAT,2061,0.000936
CCTTGGGTATACTCAT,2056,0.000933
AACGAGTGAGAATGCT,2053,0.000932
ACCTCTTCCAGTCGGT,2045,0.000928
CCTACAATGCGCTTTG,2032,0.000922
TGATCTTAGGTTAGCT,2019,0.000917
GTCCTACGAGCTACTT,1989,0.000903
GTCACAGTCATCGTGT,1973,0.000896
ACGGCATCCCAATTGA,1923,0.000873
CATGTGGAGGGTCGAG,1910,0.000867
CCCAAACTGAGGTCCA,1881,0.000854
TGTCCGGATAAAGTAG,1876,0.000852
AGGAAAGAAACTGGAG,1841,0.000836
GATCGGAGGATGGCTC,1827,0.000829
ACCACAATAAGTCTCG,1802,0.000818
CAGGCGTTCTACCCAC,1758,0.000798
GTCGCTCCAGGCGGTT,1750,0.000794
TAACCGGTCAGATGTT,1720,0.000781
GACGTACATTAAAAAT,1702,0.000773
CTCTCGCCTACTCATA,1693,0.000769
ATGCGGCCTAAGCCTC,1624,0.000737
ATATTAACGATGTGAA,1614,0.000733
GAAGTAGTAGATCATA,1612,0.000732
ACTCTCATGAGCGGCC,1610,0.000731
TTCTGAAAGACACCAC,1603,0.000728
AAAGCTCTTTTCGTTC,1576,0.000715
AGCGTCGGCACCATAT,1566,0.000711
CACGGCCGGCGAACTC,1541,0.0007
TAGTCAGGCATGGTCA,1488,0.000676
CGGGAGCTCCGATATA,1485,0.000674
GTCATGTGGAGGCATC,1469,0.000667
ACGGGGAATGCGAGAG,1463,0.000664
GTTCTGTACACAGCAT,1460,0.000663
GCGAAGTTTCATAGCG,1456,0.000661
CCATCTGTGGCCTCGA,1435,0.000651
TGACGTCCAGAACAGA,1403,0.000637
GAATCTCCCTATTCAT,1394,0.000633
CGATCTTTACGAAAAA,1393,0.000632
GAGGTCGCGCTTGATA,1379,0.000626
ATTTTGGTACCTACAA,1372,0.000623
CCTCGGATAACGGGAC,1370,0.000622
ACGTCTTCATTTTCCC,1356,0.000616
TGCACGTAACCCGCGC,1343,0.00061
ATTTCCCCAAAACACT,1328,0.000603
CCCGCTCTTTGTCCAC,1310,0.000595
AGTCCTATCCTCAAAT,1309,0.000594
GAATCATTTAAGGTTG,1283,0.000582
CCCGATACGTACAAAA,1259,0.000572
TCGGAGAGCGATCCGC,1256,0.00057
TATCCGGGTCTGATGC,1216,0.000552
CTGTTTTAACACACCA,1195,0.000543
TGCTGCAGCCATCAGT,1193,0.000542
CGGGTTCGGTTTTGAC,1188,0.000539
TGGAATCGTCACCGAT,1158,0.000526
CAAGTGGGCTCTACAT,1141,0.000518
ATCGCAAGTACCAGTT,1118,0.000508
TTTACTCGATCCTCGC,1105,0.000502
GCCTTCCTTGCAACTA,1050,0.000477
TCACTAGCAGAAGTGC,1044,0.000474
TTGTTCGCTTTCAGCC,1044,0.000474
ATTGCAACGCCGGTGT,1031,0.000468
GCCGGCGTTAGTGTCA,979,0.000444
GAGCGACACTCGATCT,972,0.000441
CACGGGCTAATGTCTC,954,0.000433
GCGGGGAGCTGCACAA,934,0.000424
GTGCCAGATACCACAC,920,0.000418
TGATTACCAGTCTTCT,889,0.000404
TGAACCCGCCGACTGA,876,0.000398
AGAGCTAAAAAGAGGA,865,0.000393
TATATTAGTAACATAA,853,0.000387
CATGATTAGCCGTTAT,840,0.000381
ATGTACACCCGCTCTA,811,0.000368
CCTCTGTGTACTAATT,804,0.000365
GCGCCACGTCCAACAC,745,0.000338
GCGACCGCATACTATT,724,0.000329
TAAGGTACATCCATTC,707,0.000321
TTCCCAGTACTTCTAG,706,0.000321
GTCGACTTATGCGCCG,624,0.000283
CCTAATAATCCCAACA,564,0.000256
CTATCATGGGCGCCCA,557,0.000253
CCTGTAGGCATCACGG,524,0.000238
AAAGGAAGCCCCTCAC,406,0.000184
CAGGCTGCTGGGCCGC,391,0.000178
ACTCGCATGTCTGTAG,390,0.000177
GCTTTCGTGACATTGT,367,0.000167
AAGAAGCTATAGAAGT,361,0.000164
CTGAGTTCGTGAGCTG,358,0.000163
AGTTTTTATAACTTGC,356,0.000162
ACGCCGCCGCCTACAT,355,0.000161
GCTCAGCCTGCGTTTA,348,0.000158
AAAAGGGCTTTGCGCG,338,0.000153
CGTCGCCTCATCACGT,296,0.000134
TTGGTCTTAATAGACA,291,0.000132
ACGTTTGCAAGATGCG,288,0.000131
GATAACTCTGAGCACG,277,0.000126
AGACCTTGTTGGTACA,264,0.00012
GTCATCCAAGATAGGT,255,0.000116
CGGGATTGGTGAAGTG,253,0.000115
CCGACACAACTACTGG,201,9.13e-05
CAGGTGAAGGAACACC,197,8.94e-05
GTGGGCTCGTCGATAC,184,8.35e-05
AGAGATGGTCCGTGCC,183,8.31e-05
TCGGGTCCACAACCTA,183,8.31e-05
TTATCCGCAACTCAGC,170,7.72e-05
AGTGTAGGAGCAGCCC,152,6.9e-05
CGGCGGATAAGCCCTT,141,6.4e-05
TCGGGAATAGTAGAAG,116,5.27e-05
AAGGAGAGCACGGAGG,58,2.63e-05
GAATTCAATCTTTAAA,55,2.5e-05
CAGGAGACTTCGCTCC,53,2.41e-05
AGAACGTGCCTTTGCG,34,1.54e-05
CAGTAGTTGTCATGGG,10,4.54e-06
AATCCGAAATTTATTC,0,0
ACAAGCTTTGTGTTAT,0,0
CCGCAGGTTTACAGCA,0,0
CTCCGTAGCATCACAG,0,0
GACCGAAGCCTTATGG,0,0
GTCACCCCTGCACGAT,0,0
TCCGCACTGCGATCAC,0,0
